74780,99572,147281,151647,190412,192116,275560,285032,313921,331516,338446,457034,458552,460765,461859,464110,465832,467314,468685,469281,470333,471496,474193,474947,478189,481038,482283,490301,491167,500102,500476,503092,511070,516375,521141,522487,524906,526280,527302,532898,546121,547738,550492,550800,552064,552882,555983,560125,562697,563481,564119,566547,569574,581113,581670,586468,587203,589876,590305,590938,595018,596057,596736,597225,597810,600379,602914,606384,613176,620639,621090,621889,623590,624381,625445,627218,632627,634373,638233,660233,662520,665986,669919,671773,672843,673393,674100,675746,677184,679710,680372,681305,682312,683361,683903,684932,685830,686549,687506,691905,692453,694394,697309,698788,700128,704310,705261,707628,711183,720959,724593,727458,731466,731793,734486,737790,738598,739154,740075,744224,745087,748731,752016,753171,757151,757372,761079,762776,767202,767949,774230,775597,776073,782593,784523,785140,787774,795333,795991,798150,799665,804223,807195,816352,821100,825870,829091,833045,837984,841406,841719,843595,846252,855231,855965,857586,860412,861659,862753,868288,869333,871894,885286,885738,887886,889883,891099,891594,895733,904683,912114,917552,920420,922206,923506,924189,925472,933501,939809,956874,958799,964961,971054,976906,983138,983599,984012,988787,993895,1002455,1010097,1028248,1031709,1036519,1037879,1040049,1044707,1045409,1052616,1054096,1056543,1058556,1060503,1064804,1067796,1069773,1076654,1081695,1091416,1091672,1101755,1116097,1118379,1122555,1123101,1127812,1128397,1130279,1134743,1141813,1142422,1144298,1155715,1162046,1170813,1171815,1188179,1199179,1214920,1215760,1216584,1224447,1225078,1226767,1228812,1231035,1232043,1232828,1236315,1259841,1271421,1272192,1282833,1286424,1287125,1291718,1301457,1310866,1324418,1326505,1336888,1339496,1342667,1343401,1343948,1347153,1348509,1373194,1373846,1375684,1377657,1379434,1387234,1390611,1391657,1396701,1402298,1403555,1411124,1412348,1425666,1426955,1427939,1430894,1433216,1442574,1448120,1450312,1455793,1458068,1460173,1463231,1467815,1468941,1481955,1483089,1495135,1496178,1500923,1502111,1508860,1509954,1512961,1516054,1517472,1519979,1520567,1523892,1528343,1528852,1529984,1532579,1533657,1535210,1537173,1538312,1542182,1549186,1549409,1556203,1557978,1564094,1571096,1574190,1579514,1582681,1583607,1584662,1588824,1594132,1596348,1612848,1618422,1618908,1622184,1634636,1641430,1643460,1671566,1676566,1685626,1693386,1693666,1695758,1704308,1714129,1731220,1736598,1739135,1742818,1748272,1751488,1768260,1785027,1789889,1791376,1797563,1799325,1800291,1805324,1812329,1813336,1816730,1821964,1840618,1845302,1852459,1857751,1875084,1877386,1884444,1896990,1901072,1902005,1911674,1925036,1966906,1976774,1977439,2025867,2030382,2106649,2124528,2148355,2165084,2167858,2171081,2226986,2248573,2267008,2288431,2289673,2305019,2353126,2357981,2360250,2363956,2366594,2369167,2374261,2376156,2378338,2379461,2380243,2382504,2390882,2428750,2433857,2455329,2456908,2466894,2493150,2508490,2514134,2517853,2528368,2529306,2536979,2568732,2579223,2579722,2582838,2585595,2589511,2596935,2597733,2608759,2612514,2616266,2616717,2617928,2623096,2624721,2631059,2634983,2649710,2662991,2663694,2669190,2669932,2670906,2675542,2677629,2678955,2680512,2685453,2700535,2703338,2706315,2715309,2716466,2731379,2732380,2734197,2737183,2749066,2758539,2762761,2764726,2766100,2770253,2770963,2773117,2774397,2776220,2784336,2786470,2787624,2788066,2793160,2793986,2795271,2797153,2804823,2808174,2812471,2814817,2816714,2818472,2823579,2832269,2836848,2838084,2842809,2845043,2848631,2853303,2854641,2858559,2861230,2863149,2863713,2865411,2869505,2874286,2895700,2899817,2903879,2907984,2908667,2950057,2953990,2961009,2963993,2967081,2974570,2976841,2988043,3014787,3025036,3032976,3036507,3042165,3042750,3049695,3052935,3058610,3060410,3064202,3078316,3079386,3101755,3109337,3113770,3118168,3122442,3123559,3124808,3125364,3130185,3134827,3143696,3144385,3147248,3148354,3149783,3151159,3151900,3156724,3160616,3166998,3169493,3171120,3176443,3178580,3181634,3203836,3206900,3225080,3236925,3250161,3262653,3266773,3271250,3273144,3288193,3292480,3298195,3299588,3300576,3303325,3318926,3320749,3325880,3337234,3366111,3376483,3378244,3390794,3405774,3417235,3419386,3425114,3431778,3438060,3447612,3453005,3459978,3464626,3476676,3481255,3485211,3488984,3490572,3495168,3497267,3499878,3505436,3514330,3523869,3537894,3540558,3552310,3553626,3560027,3566174,3573718,3576184,3581201,3594944,3597153,3600854,3603441,3604461,3606721,3613378,3616936,3619277,3626381,3628930,3633126,3647407,3652726,3654131,3655017,3660228,3662769,3669273,3672815,3675669,3677827,3698402,3704826,3706068,3710808,3711688,3720374,3726815,3732848,3734625,3743092,3768907,3775302,3780674,3791029,3812130,3816233,3825628,3842033,3869008,3882329,3926393,3938355,3949649,3953422,3969024,3977701,3982110,3995851,4002629,4006076,4084102,4113635,4129567,4151218,4156863,4159158,4183408,4205242,4206316,4216638,4221846,4233429,4237645,4261803,4263736,4264269,4266022,4268151,4271472,4272337,4273838,4289111,4289968,4290860,4295994,4300050,4302645,4304768,4308919,4311672,4316360,4319488,4320612,4373822,4378546,4382275,4390317,4394197,4406784,4426335,4427056,4427880,4430247,4431301,4433265,4440121,4440530,4441287,4443445,4448767,4454035,4486637,4499572,4512735,4513841,4518209,4526548,4536828,4554957,4562314,4566987,4591615,4596404,4647327,4661454,4669532,4673739,4679149,4684421,4697105,4703789,4720416,4724638,4729208,4735425,4738304,4752050,4762356,4769265,4771280,4777511,4823621,4830814,4843239,4850061,4859439,4863524,4864845,4870870,4902686,4933698,4969189,4974707,4975226,4980136,4984302,5018231,5032613,5043786,5055124,5107689,5122212,5129485,5143256,5174143,5191137,5206887,5209449,5209817,5213056,5238948,5272418,5276797,5289905,5306515,5307521,5317335,5323794,5342806,5356988,5362728,5374891,5415627,5443581,5447488,5450613,5451865,5452449,5453763,5457228,5463136,5477708,5483841,5486490,5498447,5501635,5504039,5508035,5512294,5513018,5528208,5537817,5565244,5574889,5581636,5587957,5598601,5607271,5636969,5642956,5665913,5691934,5695038,5705960,5708886,5715835,5721251,5750751,5787331,5791174,5793534,5796618,5827432,5847749,5850825,5859718,5863958,5883022,5885350,5890155,5904706,5912982,5918750,5939484,5955773,5978987,5985337,5993798,6020881,6023470,6026032,6040798,6043343,6044685,6053934,6101691,6129118,6130622,6177417,6289519,6294249,6298607,6309908,6315786,6319094,6394750,6398258,6400531,6403977,6414076,6417526,6423726,6434442,6447116,6477094,6484790,6494963,6501950,6514190,6515092,6517708,6519080,6526497,6535577,6686079,6692471,6699537,6707215,6710145,6738294,6753657,6773654,6781276,6854379,6855119,6861692,6866417,6882267,6968094,6978552,6980867,6988375,7015850,7052119,7088877,7092519,7095435,7104513,7113685,7148247,7155193,7164397,7175619,7183653,7191844,7214064,7215261,7219051,7221288,7263865,7317872,7322944,7335408,7363293,7388995,7401562,7404110,7414056,7418155,7424590,7450300,7480653,7545745,7655764,7661884,7667808,7680781,7688016,7699204,7708342,7715304,7735416,7738083,7752875,7793460,7810713,7811345,7819883,7828973,7869331,7876835,7885964,7886650,7887322,7890936,7892340,7896940,7898619,7899492,7904447,7920556,7933125,7952405,7959963,7961057,7976984,8000458,8040298,8063167,8063649,8064300,8085682,8090642,8093727,8095385,8114805,8123219,8125227,8131847,8159872,8198279,8219120,8222724,8225952,8227094,8228845,8232032,8233370,8236661,8241225,8244639,8249626,8252624,8254070,8257096,8258078,8264053,8267412,8276873,8284615,8286647,8287910,8292425,8296975,8303727,8315025,8319073,8322747,8327140,8334128,8338936,8345077,8350216,8353308,8354327,8361526,8365466,8366706,8369763,8373639,8377542,8382039,8398066,8407767,8411192,8414948,8416802,8417474,8420763,8425623,8427081,8427838,8431262,8440164,8453105,8462252,8465188,8469719,8472680,8475644,8512890,8515923,8519937,8531362,8535546,8542037,8547610,8552497,8565846,8574065,8576740,8580244,8587348,8590154,8595517,8596846,8599096,8606991,8617130,8621429,8631360,8639679,8655435,8664453,8670630,8718071,8723386,8737617,8747873,8750836,8752468,8753656,8770230,8853342,8854307,8857021,8857288,8861944,8865579,8871500,8873414,8875181,8881049,8937590,8941699,8953214,8959457,8964853,8969525,8969794,8970892,8974289,8975027,8982838,8986636,8987559,9049837,9100275,9122137,9139031,9141704,9146285,9150874,9156594,9166696,9167615,9178154,9181310,9186530,9195289,9205122,9217885,9248241,9366991,9367939,9402163,9442094,9443842,9447357,9453413,9465197,9473279,9490428,9492194,9496205,9507630,9510776,9514832,9515593,9566727,9573241,9575719,9578156,9583653,9610766,9631133,9633588,9701471,9704315,9707860,9742632,9836025,9874097,9875439,9879096,9881284,9962786,9967466,9986733,9989237,9992081,9997490,10024562,10035035,10038619,10041014,10044396,10053843,10076913,10081194,10083521,10084400,10098511,10108168,10115314,10155271,10165854,10166369,10170891,10199383,10213156,10218488,10280440,10287235,10298623,10310580,10344602,10378597,10381632,10387385,10400692,10404529,10408238,10413603,10420682,10425523,10426021,10442766,10460188,10470108,10483164,10491463,10497834,10500432,10553874,10588550,10600197,10600987,10607917,10621076,10628936,10648346,10650649,10653335,10655819,10659738,10661313,10664819,10670016,10671137,10674709,10689091,10700255,10729696,10740853,10748117,10751741,10813270,10854846,10859760,10864024,10924522,10938341,10969076,10991211,10997401,10998713,11003603,11006760,11022480,11026121,11027451,11029041,11031748,11033687,11034987,11035618,11036832,11039866,11048072,11053450,11054505,11054865,11057397,11059123,11062873,11072158,11075336,11083008,11090193,11094159,11099345,11101516,11103115,11104407,11105716,11110416,11117200,11122405,11124026,11124908,11133564,11134136,11139717,11146107,11146874,11147977,11149478,11153702,11160364,11174698,11183212,11188350,11190448,11195536,11207115,11222795,11228396,11235174,11236699,11241157,11242415,11246357,11250294,11270189,11270873,11274828,11287156,11288432,11291368,11303307,11309084,11316463,11325735,11343162,11345780,11346054,11360193,11361616,11369122,11375262,11384411,11386065,11393979,11408295,11411213,11415778,11428706,11437813,11438278,11441802,11448640,11449157,11454802,11465853,11467631,11468085,11470459,11476729,11480109,11495169,11495941,11500391,11505090,11506168,11517200,11520315,11522363,11543025,11594458,11610303,11624845,11633474,11666486,11672131,11675384,11680436,11683337,11693862,11700419,11704731,11760184,11772909,11787172,11802408,11819091,11824064,11836215,11839616,11839958,11846200,11877546,11898462,11902540,11909277,11925478,11970457,11971281,11976384,11982975,11986290,11990643,11990976,11997828,12005290,12010188,12030196,12044031,12050426,12054065,12055465,12055985,12056888,12058003,12060375,12063141,12068844,12075989,12095014,12095849,12097720,12104116,12144608,12159264,12162815,12191705,12204364,12209162,12238462,12285718,12292710,12301330,12312853,12316685,12317252,12327354,12331315,12347975,12355231,12368389,12387028,12391979,12408136,12410456,12449280,12481493,12498720,12499623,12515248,12516651,12521437,12526006,12532103,12560467,12565488,12582711,12587925,12592382,12596494,12599258,12603124,12658641,12684344,12750309,12781394,12788382,12791148,12807853,12810008,12812636,12824591,12831874,12841902,12855017,12859712,12874891,12882312,12888156,12915543,12939093,12953599,12980159,12993780,13087417,13093731,13096060,13113552,13164136,13169275,13187068,13205237,13211557,13233316,13237723,13238556,13241795,13247603,13259132,13284185,13305028,13311608,13348611,13366851,13388469,13396755,13399908,13418864,13421413,13477595,13494367,13508135,13518971,13521000,13524857,13526763,13533473,13538958,13554043,13570173,13579813,13589810,13590762,13592378,13598572,13600867,13603548,13605564,13645937,13684403,13739312,13747426,13751232,13771515,13781775,13801398,13810600,13812784,13819627,13825735,13826128,13839145,13858678,13867502,13868819,13873564,13880223,13881456,13882058,13885072,13886977,13891922,13893043,13908949,13914486,13917099,13921973,13926876,13930786,13956608,13963175,13977519,13981416,14025587,14062434,14083041,14085092,14088022,14089721,14093620,14096921,14122084,14127304,14128693,14137335,14143259,14144238,14147417,14152368,14166717,14174155,14185200,14189484,14197009,14200454,14209698,14213983,14214641,14222307,14230690,14231914,14235822,14244418,14252598,14260989,14268203,14306604,14308907,14309509,14317760,14319739,14321701,14322759,14325260,14325994,14330094,14330727,14331173,14335364,14339659,14342499,14348716,14349069,14352774,14353843,14360226,14394198,14394643,14397006,14406064,14410006,14422460,14442221,14443471,14445386,14457312,14464220,14468397,14468762,14471583,14473831,14476605,14483351,14492742,14498557,14514830,14518034,14531735,14534346,14536201,14539655,14549424,14554580,14557426,14558165,14573231,14579203,14590459,14591285,14599700,14602490,14604304,14616294,14636194,14690639,14693709,14700842,14705073,14706589,14709460,14713598,14808365,14813446,14814878,14818026,14830566,14836847,14840217,14853515,14858310,14877353,14927499,14949020,14988854,14994686,15007507,15010973,15020486,15022291,15035878,15037393,15044549,15054774,15055628,15059208,15073557,15076558,15085352,15089676,15117086,15123635,15140129,15164229,15171491,15200707,15232700,15253630,15266253,15276341,15280982,15290030,15292275,15297646,15299486,15312923,15318605,15320673,15338452,15358984,15386312,15394692,15446209,15448152,15448490,15448979,15449306,15453042,15510026,15510993,15517812,15524844,15536452,15541237,15541779,15552647,15577705,15609772,15617242,15618148,15619528,15623369,15632731,15635371,15652032,15656709,15661710,15671939,15678239,15682350,15686843,15705083,15708561,15711673,15720639,15725208,15731207,15751770,15754010,15768228,15834082,15902866,15905553,15911766,15921143,15928767,15954247,16019522,16086027,16119484,16144875,16156256,16156922,16195532,16204904,16217592,16225576,16233379,16246075,16254477,16287079,16294131,16297317,16342260,16458189,16585725,16648677,16707234,16864788,16869803,16913824,16930108,16931382,16937661,16939583,16954827,16962024,16966146,17045255,17073555,17081470,17083033,17088284,17105735,17125151,17139921,17176103,17197534,17206932,17255751,17312447,17319803,17325048,17327526,17336853,17340357,17340876,17346383,17358206,17371509,17372524,17381580,17400975,17403302,17407145,17414938,17420939,17425518,17429024,17433550,17436705,17438000,17440247,17443228,17449516,17451192,17456853,17482512,17498169,17528296,17534751,17586292,17587018,17599193,17601502,17608861,17617856,17621438,17622563,17623234,17626484,17627265,17634750,17636345,17641778,17671041,17682387,17688536,17690049,17692313,17693485,17700398,17701906,17806608,17853015,17854748,17860824,17872003,17875152,17881316,17889009,17905165,17916157,17927361,17934120,17941219,17947253,17951696,17952832,17966783,17970608,17974858,17978082,17980118,17983645,18025891,18038730,18090774,18112504,18130708,18142638,18150541,18154959,18155488,18198284,18220749,18279126,18293249,18297345,18303607,18308249,18332115,18335199,18336910,18338080,18348293,18354018,18363864,18375627,18447763,18486291,18518451,18527081,18536400,18539178,18582259,18588647,18603581,18639653,18641638,18648271,18658404,18662969,18693979,18705850,18715817,18734666,18779448,18789709,18804785,18811135,18826960,18830822,18834440,18838906,18868090,18870016,18874756,18884822,18886841,18919319,18939839,18943358,18959343,18963617,18973604,18981194,18995965,19006218,19012916,19016552,19039172,19077274,19113680,19133762,19236845,19269136,19281686,19288516,19290879,19299785,19302221,19302832,19304118,19335704,19341553,19361026,19373789,19382996,19416778,19431422,19453616,19460940,19463713,19465414,19468576,19478510,19482717,19485128,19487334,19494653,19497870,19498538,19500743,19502537,19505857,19507356,19508797,19510479,19511668,19512766,19515622,19630689,19645157,19732751,19735353,19736366,19738821,19740849,19741689,19743319,19745565,19753019,19755460,19755968,19757441,19757834,19758927,19759920,19761298,19763273,19764346,19765580,19766466,19768370,19769212,19777419,19780103,19781051,19785656,19786459,19790653,19806427,19809971,19817000,19830654,19845430,19867950,19911850,19916323,19924372,19944793,19946530,19948372,19965304,19968063,20003661,20035729,20036738,20037160,20038745,20039707,20042116,20042708,20048708,20050954,20051604,20060762,20061942,20074464,20077682,20078637,20080373,20086394,20089102,20098864,20107510,20110586,20125761,20126533,20134719,20139875,20175339,20179651,20206705,20225705,20233446,20239959,20246670,20248411,20264250,20272443,20283840,20286507,20292693,20312150,20343562,20413768,20414851,20417922,20463860,20481437,20523145,20559606,20610938,20631491,20640257,20667567,20680574,20683636,20685357,20695288,20710551,20726816,20728660,20743101,20752345,20764362,20783114,20787056,20788010,20799263,20878066,20904456,20908101,20919940,20923980,20927545,20929662,20941104,20947803,20950101,20958771,20968224,20985740,20990153,20994670,20996964,20997531,20998522,21008543,21044030,21063631,21075203,21081779,21082700,21085044,21091327,21093115,21094379,21097059,21100552,21102205,21107008,21110184,21110800,21111741,21115510,21301034,21361109,21459553,21478816,21532692,21568259,21577665,21579261,21587272,21603619,21605975,21612673,21629487,21632453,21635411,21640862,21643039,21644561,21646170,21650029,21654593,21657804,21667625,21673786,21698114,21704282,21705298,21715570,21814875,21820021,21829556,21834398,21878118,21892726,21894278,21895775,21902646,21904454,21909263,21932699,21936936,21940037,21941467,21945727,22025066,22126774,22127127,22127444,22128018,22150902,22151793,22152221,22152668,22153113,22159234,22160575,22172014,22204997,22205383,22205923,22209035,22210579,22211927,22217053,22218021,22222172,22222637,22223382,22225198,22233265,22236145,22242306,22270172,22271476,22272636,22292895,22367017,22403587,22425021,22442641,22447414,22450834,22472157,22498706,22505448,22526937,22531386,22551570,22667234,22686316,22689350,22700499,22701108,22702006,22707223,22712972,22749872,22752323,22752826,22765119,22773080,22792689,22849569,22863521,22880737,22882572,22897479,22898588,22903685,22904909,22905751,22916633,22925550,22928586,22939204,22984648,23001694,23024456,23034140,23036733,23040226,23052382,23124139,23135099,23143852,23146255,23150983,23154859,23162521,23169041,23220229,23243203,23249029,23265564,23302859,23310181,23335011,23358089,23387766,23388240,23399098,23407857,23419893,23433228,23436285,23437269,23448069,23448633,23553153,23572166,23574723,23578439,23669664,23684548,23689250,23690405,23706306,23838923,23839245,23839532,23840028,23846804,23850550,23895907,23929170,23935622,23944819,23991721,24005535,24008574,24027915,24036399,24080273,24155208,24156801,24223976,24242241,24254825,24258421,24260879,24267147,24291075,24291765,24302937,24306685,24307836,24314780,24320597,24325992,24329351,24349836,24350942,24370894,24376817,24380031,24383007,24444534,24477767,24479137,24480349,24482053,24485836,24568261,24582665,24647156,24659577,24714168,24715447,24762802,24789057,24792321,24807997,24836778,24851992,25010809,25013860,25014761,25015729,25024563,25068876,25087585,25099593,25105051,25110941,25129880,25154541,25158871,25168158,25173143,25174782,25182191,25191871,25196623,25203848,25204903,25205387,25208394,25209502,25212217,25224096,25225647,25225880,25229107,25230335,25232662,25237121,25238074,25240245,25253555,25269014,25270055,25294222,25311688,25317262,25321311,25326257,25328132,25330479,25345086,25349828,25356185,25378155,25387812,25391949,25421187,25453529,25462584,25484231,25491104,25500638,25505597,25509985,25515740,25521765,25529217,25531762,25539279,25544498,25550106,25561430,25563173,25565487,25569715,25581901,25596751,25600192,25602101,25603409,25617760,25652677,25691805,25701995,25709085,25710996,25717234,25724659,25737429,25743964,25757724,25760623,25763507,25769342,25829745,25836050,25875724,25905421,25950069,25954420,25969115,25973676,25980647,25988224,26007242,26014198,26024735,26032888,26056139,26057404,26057815,26066263,26081461,26094469,26095198,26095869,26097908,26104089,26111778,26126746,26199998,26215442,26244408,26258316,26276573,26280649,26291579,26292697,26317202,26362975,26371742,26372642,26380961,26389616,26404704,26415860,26427693,26466715,26491546,26516142,26536760,26544752,26546212,26550103,26554078,26559527,26562070,26573239,26583066,26656056,26679902,26705436,26710953,26721023,26724212,26771967,26796473,26799874,26808862,26825879,26842764,26845816,26851947,26856670,26868370,26879744,26888840,26892357,26897733,26902404,26906361,26912007,26914340,26942057,26950598,26965230,26989239,27048185,27053668,27057142,27072118,27075774,27076981,27079664,27083518,27090910,27126419,27135095,27137142,27156048,27159134,27163897,27177300,27195655,27220300,27227736,27252669,27263412,27285237,27293837,27297141,27346138,27373009,27391983,27402288,27402718,27405946,27495465,27502530,27515243,27522277,27526149,27529199,27566860,27597151,27620513,27625207,27629538,27641694,27643742,27653495,27656749,27662136,27671477,27675465,27693305,27708917,27710876,27728478,27733357,27738906,27741539,27750396,27757412,27768892,27788099,27788867,27794982,27797369,27814522,27821588,27832017,27839407,27860057,27864076,27867617,27874304,27875810,27877561,27883265,27885789,27890746,27893424,27896325,27899754,27900984,27905278,27906250,27912970,27915135,27916316,27920698,27923851,27925554,27927702,27929184,27929854,27930834,27934208,27939512,27942137,27943319,27960703,27969788,27973705,27978254,27981915,27983701,27985863,28013725,28025821,28029282,28031428,28033727,28039554,28040120,28042332,28042659,28046728,28051819,28056419,28061691,28073601,28079375,28079844,28081602,28088222,28095001,28099509,28113199,28115548,28117487,28124929,28126519,28133156,28134747,28138189,28139687,28145033,28158277,28163234,28163892,28169189,28169693,28185214,28186139,28192118,28198916,28219012,28247966,28257818,28261760,28263643,28269025,28269697,28271620,28275026,28277352,28280102,28305901,28308516,28313260,28321048,28335197,28365331,28379793,28423006,28440009,28488916,28491352,28494364,28502358,28508290,28524035,28537857,28556169,28568834,28578758,28580052,28582704,28622835,28625367,28626594,28634937,28649300,28658049,28665013,28676470,28679458,28682636,28690065,28697189,28704505,28705188,28705617,28708787,28709725,28713790,28719254,28722003,28728079,28740422,28742190,28745937,28747516,28748507,28752429,28753858,28758097,28759077,28761950,28763005,28765357,28774378,28776437,28786303,28817856,28818368,28820236,28823150,28826593,28838552,28843510,28863117,28872354,28875001,28883535,28890209,28892954,28904737,28910912,28916840,28920351,28923994,28943036,28947016,28950817,28962053,28967541,28988332,28998864,29004295,29007352,29030277,29032969,29033676,29042641,29051111,29062497,29070742,29081727,29087443,29091179,29102181,29103909,29107527,29121136,29123905,29146481,29152171,29153383,29164421,29168764,29169406,29172993,29187375,29206969,29222515,29231679,29233377,29233957,29239598,29259667,29262703,29263286,29268382,29276791,29282113,29297090,29299638,29302384,29307957,29317637,29321558,29323167,29328909,29331145,29334783,29340252,29344175,29361843,29368939,29371050,29377100,29377751,29378838,29381775,29386083,29420876,29451518,29492033,29524898,29538485,29546889,29557775,29566983,29572698,29576932,29594635,29616855,29641707,29688968,29710774,29715710,29726006,29729170,29734197,29738286,29742609,29742951,29743567,29747295,29750754,29751385,29752297,29776593,29777682,29778673,29781681,29784417,29814256,29821076,29839292,29873085,29879993,29887217,29958155,29974228,29997580,30009663,30014584,30024463,30028198,30037040,30049829,30051343,30139032,30151142,30160715,30180503,30189081,30193082,30197869,30201089,30212556,30214862,30226000,30243171,30254708,30259968,30271432,30296838,30300420,30312419,30315066,30331327,30333377,30338859,30341445,30350194,30360752,30367800,30370234,30384204,30414850,30421170,30423069,30423631,30451984,30456101,30461115,30476630,30510502,30513880,30526955,30536974,30538310,30538532,30542517,30543232,30563572,30565428,30609290,30614611,30622541,30634065,30657814,30741914,30758567,30764876,30768217,30780760,30785417,30803145,30834927,30855242,30864742,30871151,30911579,30918527,30931883,30942475,30946364,30950267,30972662,31047882,31076752,31088579,31094443,31115366,31119378,31126015,31141204,31153867,31156789,31161239,31162058,31165988,31168966,31174676,31181063,31198069,31199375,31201760,31207029,31209122,31231243,31263029,31270834,31275720,31278314,31286592,31290766,31301002,31310161,31326663,31333215,31335256,31335938,31336588,31338704,31345799,31369964,31378127,31381424,31385808,31390565,31421597,31445352,31473450,31475568,31490284,31491281,31492181,31493022,31493332,31493808,31497857,31499300,31501065,31501927,31502440,31509771,31521695,31529356,31544168,31549550,31559413,31561524,31565128,31568310,31571898,31574503,31576610,31578365,31580936,31583615,31598529,31609703,31651153,31658184,31660956,31668646,31670028,31674395,31675557,31687272,31691556,31706442,31712482,31721843,31725317,31740644,31742215,31745287,31748112,31748809,31750206,31753537,31755407,31759854,31771955,31778310,31791118,31799265,31815624,31820658,31826705,31865915,31888442,31894061,31902410,31908132,31908795,31919110,31919974,31925356,31952965,32041828,32050497,32056400,32067934,32075149,32081971,32082774,32087062,32088555,32092321,32102082,32113933,32120126,32122239,32159422,32162773,32201386,32206089,32295788,32313675,32320460,32325958,32331299,32337356,32343714,32345744,32355308,32362420,32385097,32394899,32406374,32438276,32454791,32485907,32488653,32489591,32496547,32501592,32511766,32524790,32570737,32577620,32628016,32638470,32660235,32674458,32705746,32718444,32720573,32722708,32734704,32740146,32745874,32772086,32801988,32808717,32809952,32821935,32838866,32854021,32870090,32938086,32958577,32963517,32983245,32992490,33004245,33025445,33033965,33047387,33055397,33056998,33072920,33092461,33095598,33137461,33162170,33167413,33222762,33238433,33250666,33277713,33283348,33289510,33314612,33321701,33343583,33360832,33368189,33391950,33405998,33686411,33690498,33693465,33897682,33914059,33958088,33978804,34002085,34019598,34088940,34096629,34112381,34125334,34151152,34164056,34170312,34217704,34225396,34239553,34249037,34348486,34373808,34377583,34397852,34409311,34446735,34449019,34505694,34546330,34556509,34639761,34690652,34770654,34771766,34791434,34817969,34828410,34842674,34868273,34874120,34913945,34955902,34961260,34962463,34968571,34969109,34971647,34992796,34993850,35008065,35031033,35031960,35050395,35062959,35097003,35111255,35127460,35129754,35148685,35200482,35203488,35252468,35277722,35480205,35481207,35490660,35501032,35503677,35509901,35514696,35517217,35523225,35530109,35649900,35673867,35707265,35720940,35759444,35835148,35836612,35848145,35848936,35893641,35996159,36002779,36045350,36059746,36089701,36094427,36127860,36130422,36137338,36143201,36150827,36151328,36179391,36193432,36197543,36198587,36204682,36214606,36220940,36265243,36267033,36364193,36379215,36391200,36441816,36480186,36500745,36542324,36566151,36580564,36612458,36650801,36742422,36763073,36764217,36771372,36774070,36815463,36830860,36839373,36879971,36898091,36908352,36954453,37045648,37104648,37108131,37167439,37187732,37230202,37258530,37276279,37338580,37339795,37345371,37348837,37410215,37411126,37422896,37427079,37431185,37451188,37455185,37459826,37461785,37477759,37493501,37503132,37517359,37519977,37525527,37529444,37539528,37542606,37544584,37554761,37557651,37557977,37576227,37585233,37603070,37628612,37710474,37744773,37751301,37755432,37757184,37761756,37766227,37768527,37772675,37784706,37786127,37800127,37820505,37845144,37851172,37860275,37870081,37872203,37878647,37890257,37898765,37910958,37933901,37934556,37939602,37949696,37959293,37963405,37968910,37976666,37977301,37978879,37981833,37985239,37986270,37990095,37993106,37996167,37998537,38008456,38010753,38013477,38016716,38023993,38028054,38028681,38036799,38067337,38068232,38076729,38081387,38082727,38086777,38087225,38096816,38099078,38100768,38112254,38118287,38122125,38129351,38148479,38156020,38159877,38167316,38167763,38170303,38182942,38190611,38198847,38202617,38202855,38213203,38225144,38238170,38243102,38250906,38261991,38268463,38278922,38288825,38298908,38304491,38309659,38314279,38333361,38341576,38419197,38425012,38432426,38436532,38438236,38446543,38453142,38454475,38473878,38477325,38489341,38504834,38519592,38522059,38542151,38559042,38569931,38592344,38595863,38596262,38600709,38606069,38607104,38620696,38623603,38630135,38659134,38674372,38682676,38686502,38687863,38696327,38706860,38709007,38711896,38723171,38723809,38734717,38768260,38797551,38806570,38816949,38891183,38896264,38928568,38936466,38943104,38949915,38954907,38962981,38973425,38980226,38987942,39008382,39010200,39015048,39019798,39022064,39022490,39027834,39028361,39121782,39147307,39172876,39173686,39192007,39212791,39239189,39241760,39267413,39284224,39286740,39290414,39306191,39345850,39360255,39375573,39386821,39402988,39478500,39479996,39485067,39491939,39501505,39518354,39520134,39537440,39541681,39554166,39559441,39574291,39603156,39615087,39621026,39678646,39691495,39695071,39710446,39717284,39755517,39757895,39766618,39769814,39784017,39798883,39811418,39819224,39821288,39836731,39843838,39854112,39888740,39994831,40027382,40061817,40099677,40120386,40138792,40164304,40222795,40224007,40241294,40244273,40247530,40274718,40282431,40284272,40290764,40296957,40299066,40303979,40304834,40347242,40363694,40365455,40384087,40385042,40385987,40387872,40388251,40389651,40403456,40431318,40458679,40460216,40461208,40472458,40478240,40496275,40593085,40611857,40623150,40638236,40700252,40707148,40726069,40748099,40752790,40760112,40761333,40787430,40796683,40920502,40956495,41008916,41029615,41040283,41042076,41045807,41057276,41071827,41078004,41083375,41085660,41116316,41144715,41145946,41204284,41211597,41233355,41253688,41256640,41257509,41273352,41280972,41293232,41296928,41300245,41311258,41326920,41332522,41340517,41407367,41423843,41430295,41440254,41443939,41446947,41448243,41482077,41520209,41562404,41569541,41583753,41589024,41594039,41596613,41598661,41601138,41604032,41605576,41612073,41613076,41616952,41619013,41622156,41655227,41710793,41734604,41773931,41777190,41779768,41787119,41788627,41790038,41790686,41797025,41798024,41821484,41831906,41843045,41851709,41870127,41884630,41939715,41956480,41982015,41988614,42002673,42006045,42021192,42053349,42058370,42059032,42062368,42069241,42081266,42082621,42120886,42122479,42125161,42127205,42130591,42135569,42142307,42143132,42150979,42156018,42165880,42170685,42180027,42181344,42197648,42219937,42223772,42225648,42233219,42234596,42235102,42238176,42280923,42310603,42319733,42342389,42360682,42364066,42367997,42376842,42427260,42440075,42462548,42468363,42506901,42510788,42513291,42524733,42525664,42535283,42546062,42569064,42572953,42577033,42591143,42596284,42609908,42630137,42636101,42641790,42649522,42654552,42669769,42670452,42672652,42676456,42680162,42687080,42690162,42691167,42692562,42697536,42715920,42739331,42760005,42766611,42768456,42772195,42772781,42776600,42779325,42795667,42796600,42803996,42809352,42812482,42815565,42821098,42834484,42837049,42838576,42872204,42927567,42936997,42941017,42948174,42955337,42966472,42991225,43001499,43002907,43043494,43052481,43059688,43108414,43234425,43242630,43261053,43265347,43283815,43329109,43334797,43339344,43351403,43356336,43362403,43374556,43419364,43543792,43559502,43566243,43624144,43656969,43688629,43697569,43709848,43743025,43754228,43769616,43814949,43826407,43829805,43852400,43884264,43898216,43903310,43926945,43936649,43948552,43996766,44006256,44030483,44049988,44062432,44082207,44106748,44108071,44143182,44144309,44150093,44154982,44163703,44180986,44181804,44182397,44191186,44197196,44199613,44213265,44243461,44324954,44409663,44442885,44460246,44463765,44484730,44489209,44499595,44507511,44511457,44514175,44518563,44632200,44663540,44683800,44689726,44692091,44714286,44716732,44732093,44732570,44766369,44772307,44813526,44843840,44857272,44859462,44860958,44863210,44863921,44865430,44870733,44874136,44876314,44879017,44879672,44882085,44886040,44887810,44889620,44893672,44895143,44899050,44903621,44905861,44911917,44913852,44920405,44922322,44926947,44936175,44939626,44943058,44947748,44955882,44963104,44964127,44968714,44971769,44978435,44997433,45001198,45016738,45040220,45046563,45053065,45063283,45065992,45110212,45119780,45128262,45158481,45166232,45170242,45188586,45210602,45225986,45232566,45241182,45255494,45263817,45268056,45279298,45288278,45297324,45305382,45315582,45319685,45323589,45336265,45350742,45357992,45363578,45365606,45370024,45372370,45377772,45415847,45424483,45428396,45437450,45438148,45439536,45479913,45480290,45484450,45487999,45498966,45502642,45507698,45517783,45524705,45528351,45564890,45644042,45647764,45651189,45688491,45692100,45700413,45736589,45791205,45871046,45941889,45951221,45956531,46015329,46148536,46178924,46197007,46210650,46239485,46276017,46279885,46282555,46292088,46424174,46425464,46445809,46511510,46541544,46544991,46548206,46554972,46562363,46567382,46569083,46643459,46644010,46644614,46713825,46719676,46728516,46734572,46740734,46761322,46867165,46897185,46957314,46959978,46963873,46966299,47080563,47117600,47152531,47178096,47217392,47417688,47481615,47516605,47566089,47579388,47595948,47625439,47639545,47759769,47770493,47803518,47807525,47851577,47883123,47893957,47953021,47964889,47969751,47999780,48012340,48041377,48048785,48050342,48062330,48105528,48110035,48111718,48116950,48117403,48130724,48140264,48173477,48183296,48184689,48187151,48195161,48240830,48336704,48390532,48397399,48404105,48407172,48491189,48574677,48592966,48606393,48618984,48657017,48691281,48699142,48711303,48719276,48725876,48731965,48733370,48736953,48737676,48741410,48743094,48747016,48751436,48755732,48758731,48760753,48763142,48766994,48768646,48769188,48771157,48773724,48778155,48779409,48783852,48785602,48787408,48789992,48792925,48801100,48804807,48808441,48818875,48835697,48864425,48888840,48914341,48918932,48927785,48971963,48977381,48979716,48980191,48983322,48984552,48987502,48994204,49024253,49066179,49073701,49078263,49082069,49086223,49097177,49180101,49192130,49214907,49219319,49239573,49245219,49254805,49264671,49297994,49301206,49475745,49491686,49529052,49532309,49535546,49536350,49574440,49589374,49795545,49803827,49809138,49841355,49854092,49854713,49860399,49868105,49891299,49893918,49917288,49921241,49925138,49936767,49940108,49944731,49947323,50009653,50023529,50058959,50072856,50098998,50100823,50104447,50106459,50112399,50115001,50118516,50125152,50165332,50186306,50191054,50258922,50265857,50318964,50340882,50342865,50347677,50354355,50357417,50360353,50360875,50361882,50384892,50394147,50405115,50408438,50415794,50424591,50427664,50429368,50449839,50459336,50467225,50474492,50485351,50592125,50598402,50604698,50633801,50639302,50648666,50657948,50686834,50733494,50835385,50836672,50849759,50858325,50896622,50903162,50913866,50917691,50995217,51011046,51045790,51069914,51072838,51085297,51093108,51101690,51108189,51126887,51251827,51279163,51298360,51317637,51327682,51329582,51332356,51345542,51356389,51378156,51531212,51552736,51559831,51572104,51573641,51608331,51628003,51633099,51637982,51640709,51644403,51652359,51800844,51807241,51823143,51873212,51876017,51900877,51924203,51935265,51943300,52096623,52112245,52168543,52182029,52189308,52206487,52210487,52219325,52223067,52228680,52230098,52239366,52262727,52266402,52388129,52394003,52422348,52428020,52430040,52434152,52458898,52474234,52475526,52476104,52486523,52503224,52505697,52516446,52517303,52521333,52525455,52597863,52658449,52663231,52672099,52680307,52710900,52718949,52726077,52729350,52735660,52744469,52748878,52749263,52752977,52754154,52765757,52777132,52794781,52808700,52814215,52823044,52825374,52828550,52855377,52866257,52871927,52898240,52928332,52937716,52940084,52990006,53001945,53008902,53009950,53041348,53048166,53061080,53087220,53102147,53110028,53110575,53116288,53121278,53122660,53124927,53133571,53193113,53201139,53205058,53219507,53222717,53246854,53250758,53261407,53263959,53297466,53308361,53309554,53316028,53349986,53360846,53363869,53366976,53372830,53377873,53386039,53397803,53405896,53415665,53422714,53426510,53436827,53444556,53465996,53540716,53548287,53566378,53585252,53591854,53596687,53599627,53601918,53612979,53628770,53633509,53638289,53647913,53652396,53659909,53667435,53705859,53732350,53760639,53823222,53831066,53840383,53842909,53850750,53857496,53879000,53880934,53886675,53888090,53893309,53897880,53901883,53916799,53921451,53937657,53939412,53946090,53954670,53976336,53980736,53989259,53992961,54003505,54010234,54016766,54018008,54027106,54042406,54059041,54120952,54152707,54164160,54174254,54196853,54198715,54209996,54218042,54235106,54256289,54276958,54284338,54286374,54302942,54309708,54327021,54336553,54363628,54414369,54422445,54435419,54448993,54451948,54457901,54473481,54499779,54524623,54531030,54533916,54559333,54564099,54566240,54567060,54644409,54648988,54695464,54700851,54704155,54726455,54744544,54755822,54769043,54771724,54785864,54793727,54794589,54804390,54807120,54808449,54810694,54815192,54819774,54821368,54823841,54825796,54835058,54838551,54841056,54882630,54887614,54966777,54984525,55037325,55095962,55101121,55104839,55107918,55123621,55125353,55127987,55128947,55138217,55154173,55159675,55163889,55175716,55180491,55299856,55307289,55312286,55321756,55345186,55394575,55401478,55405145,55406334,55409737,55414296,55467125,55558076,55580065,55582136,55583768,55589216,55596986,55622204,55629081,55631729,55644848,55647516,55648568,55653448,55655637,55657066,55660200,55664441,55673208,55676121,55679392,55685831,55696389,55699408,55704813,55713711,55715813,55718622,55721195,55752822,55771562,55799972,55805315,55810087,55820821,55822504,55826427,55834818,55840956,55841639,55861660,55870441,55872398,55896410,55897132,55904082,55931362,55938789,55939605,55943016,55955894,55966423,55968502,55968902,55970848,55973650,55983770,55987445,56006171,56009749,56013102,56041655,56050049,56055635,56059497,56066255,56068632,56080859,56082749,56088272,56092824,56100887,56108721,56113418,56118008,56119871,56122264,56131595,56135176,56136584,56139986,56143939,56169054,56175365,56197300,56208184,56220088,56251908,56304318,56322633,56374953,56402333,56415441,56424345,56429831,56437159,56439163,56448662,56475002,56516226,56542304,56587550,56600243,56611623,56621157,56656188,56663217,56684402,56744077,56755072,56764046,56822342,56840247,56893796,56898368,56921841,56962089,56970680,56989035,57001585,57012869,57015669,57020481,57023773,57043536,57046251,57067733,57088387,57147934,57153080,57160512,57217928,57220846,57234599,57262111,57270981,57278024,57310825,57318477,57322028,57330806,57346671,57379578,57403235,57428397,57459163,57465401,57475388,57492720,57508841,57572669,57575056,57585960,57592552,57598747,57606783,57612029,57619883,57634535,57658242,57666155,57728463,57828190,57882257,57896507,57897799,57905869,57910831,57936302,57967889,58013985,58043462,58052713,58074322,58100595,58120213,58172555,58206905,58226651,58231301,58250704,58260264,58310416,58318946,58334278,58345457,58347445,58353775,58359768,58366913,58395357,58400229,58419024,58443907,58456553,58474564,58501615,58505573,58522972,58536478,58544580,58577704,58627561,58682772,58747805,58759298,58767004,58769245,58771392,58793202,58796122,58838308,58864227,58868644,58885043,58886910,58894199,58897659,58903065,58972920,59027947,59033629,59035096,59112543,59156116,59159338,59204397,59226026,59263008,59293052,59304150,59335100,59344882,59347641,59368054,59372212,59380135,59401357,59411236,59500891,59518277,59534523,59588526,59629453,59639717,59655192,59683216,59689343,59692400,59880709,59887769,59894937,59897741,59899015,59927369,59932097,59945401,59955010,59977057,59979298,60063932,60126964,60131390,60207547,60235097,60236954,60244237,60246926,60250264,60255299,60258439,60259327,60259977,60264761,60272630,60280723,60299238,60317825,60326783,60334769,60345022,60354498,60360846,60369855,60381106,60385167,60391822,60395577,60396268,60400613,60404352,60408609,60427657,60510608,60525461,60540810,60551566,60559364,60564986,60569602,60587638,60595126,60603255,60618601,60647207,60685844,60768633,60772150,60778472,60781286,60785845,60787690,60798633,60801712,60811278,60817154,60827083,60832562,60835876,60840547,60848682,60850745,60855598,60857646,60857991,60867275,60868715,60872200,60873011,60876670,60886799,60888220,60892846,60906291,60909187,60912792,60914700,60918390,60919664,60934233,60940777,60942603,60950348,60958718,60970569,60990399,60994177,61002264,61006713,61112329,61118489,61144832,61153314,61183789,61191770,61213865,61222951,61282777,61297884,61302742,61308419,61311757,61316788,61320607,61328997,61341666,61360995,61374016,61385266,61408409,61484618,61494247,61504707,61509842,61510289,61528061,61533913,61544175,61571700,61586708,61591090,61606580,61642310,61644528,61645530,61660381,61667134,61691950,61700936,61728736,61737507,61752430,61834640,61862179,61875446,61911226,61914775,61953957,62036225,62040226,62061702,62119072,62182597,62215282,62236241,62236902,62240462,62246469,62254352,62264184,62277372,62282555,62302876,62304067,62442027,62524801,62558192,62588632,62619805,62621218,62674408,62682312,62685976,62708803,62718220,62722034,62739495,62774747,62803138,62823386,62830833,62840997,62848256,62857905,62870866,62873655,62883349,62904245,62914616,62923063,62945100,63075299,63110676,63129025,63347178,63375261,63376520,63377926,63378273,63379743,63381073,63381795,63384190,63389344,63394359,63414898,63450206,63652939,63707924,63770121,63801536,63855188,63859534,63938682,63943676,63945546,63964702,63977561,63996619,63997595,64003668,64013282,64021929,64031372,64181663,64202983,64211622,64218380,64242167,64281386,64352667,64410961,64412934,64430578,64432896,64499662,64512051,64553112,64563916,64565698,64588512,64602285,64627822,64645746,64708158,64761196,64789903,64795669,64802025,64805899,64833523,64837502,64840016,64841566,64844747,64864624,64889080,64925056,64938385,64942688,64956524,65058079,65122601,65130300,65134827,65139732,65158480,65166535,65177502,65184657,65189825,65205473,65215509,65221986,65248178,65328791,65332931,65343178,65363259,65408096,65413944,65433026,65467691,65480303,65484693,65488922,65495112,65497900,65502783,65533553,65534675,65543396,65550223,65553379,65560734,65562320,65578878,65583541,65593598,65596998,65610300,65644872,65657343,65670602,65672820,65676533,65679848,65681227,65700479,65722613,65741638,65748912,65762946,65771649,65774542,65776426,65778656,65787045,65790293,65794814,65795428,65811343,65814375,65821952,65823295,65825004,65868730,65889876,65926429,65933957,65935743,65945433,65955214,65986423,65988632,65997852,66018607,66039746,66085742,66099688,66117285,66122086,66123357,66135331,66172344,66176417,66228936,66249237,66268592,66279989,66294965,66360793,66378338,66408812,66426785,66432690,66437299,66474927,66546984,66549123,66628107,66654861,66669177,66693100,66734366,66805670,66838721,66839416,66879459,66903015,66918927,66925032,66954747,66983044,66991326,67005777,67007949,67028446,67041013,67051207,67072900,67095014,67128464,67138641,67146603,67156180,67193619,67197223,67201059,67208793,67211989,67226594,67230904,67233260,67237828,67252898,67284043,67288156,67291018,67503163,67512961,67514169,67520829,67556020,67574598,67598815,67631909,67676409,67692319,67696164,67699700,67754773,67783984,67829554,67885866,67957170,67997607,68061339,68063949,68087118,68131084,68139977,68172276,68198239,68199416,68207607,68218763,68253399,68272093,68279614,68308748,68327075,68329510,68337849,68376473,68392951,68439429,68537341,68657863,68681175,68801886,68818337,68895623,68929085,68965980,68984397,69039487,69047208,69059724,69078200,69084652,69103437,69120360,69130464,69222917,69228198,69231341,69232796,69237296,69240071,69252421,69262060,69265568,69269422,69273983,69275095,69283402,69301718,69302919,69308950,69313811,69317120,69325349,69328753,69345108,69360298,69364273,69414038,69428054,69435329,69441143,69455204,69459754,69488481,69496465,69581770,69601520,69604097,69675037,69675998,69691935,69692545,69698960,69717615,69738411,69763115,69833276,69867336,69979133,69985602,69995835,70068300,70082119,70088098,70134928,70140320,70141392,70166112,70185570,70216976,70249410,70320946,70342425,70378783,70391467,70459131,70465446,70469043,70491234,70506872,70508367,70511125,70518243,70530187,70537277,70547620,70572223,70573726,70575798,70617022,70634672,70656726,70662261,70674432,70687924,70721032,70800789,70822636,70916740,70980349,70992606,71018633,71019713,71190019,71194936,71201107,71202983,71203389,71203982,71205939,71206839,71216174,71230616,71240203,71248563,71257430,71295724,71298849,71301817,71329342,71337301,71395629,71411994,71432631,71447498,71454672,71459794,71500482,71507010,71511204,71516014,71522343,71537188,71545515,71561519,71578495,71593761,71604553,71611020,71617605,71635730,71643131,71679157,71754303,71855401,71872710,71883480,71893745,71899265,71960706,71993903,72023735,72029263,72040420,72043161,72059038,72067022,72072338,72075370,72084709,72086946,72097317,72118271,72122924,72187449,72216606,72239527,72323993,72382570,72387523,72526184,72557067,72615769,72623549,72624480,72629628,72641645,72653441,72659256,72662222,72670380,72673089,72676919,72683794,72722771,72764588,72770671,72776042,72785032,73014895,73051754,73062617,73081618,73081806,73089563,73090593,73091995,73137057,73140078,73159742,73205503,73241602,73271540,73281088,73394694,73397885,73544383,73547017,73560521,73561334,73594340,73595946,73660605,73694885,73733775,73742581,73745941,73751055,73766487,73841565,73995934,74016041,74023631,74110607,74116083,74172914,74337750,74348241,74426154,74458568,74463062,74469276,74492625,74493304,74525747,74587432,74614513,74639581,74642439,74652100,74682869,74806372,74918203,74928982,74989776,74997627,75052361,75073485,75077926,75152703,75213689,75218328,75229530,75268324,75274396,75282129,75299258,75336111,75360708,75393261,75427530,75439094,75444923,75473053,75527774,75533369,75594151,75696828,75823376,75834399,75843887,75853666,75858610,75866486,75874769,75882544,75890866,75894512,75909856,75911247,75912771,75928240,75941009,75942818,75945555,75948928,76004143,76106865,76138118,76170868,76229540,76244823,76351254,76377583,76379326,76380318,76397206,76398001,76415052,76491890,76500696,76501263,76612918,76680446,76713294,76713751,76721560,76728153,76743222,76762970,76786638,76801503,76840301,76849894,76892163,76995525,77029600,77036236,77118889,77137650,77142475,77188110,77345013,77362315,77373917,77382875,77387822,77401403,77409318,77415031,77428339,77440623,77444421,77466111,77468030,77470062,77472881,77484477,77487312,77496538,77503680,77506642,77514378,77521508,77525032,77527158,77530903,77531803,77551044,77552575,77558359,77568317,77592718,77596346,77614150,77620766,77621978,77624123,77632967,77638970,77644981,77646745,77657336,77664538,77668171,77684768,77686069,77697067,77729794,77760421,77766938,77776206,77780262,77784628,77789630,77797641,77815875,77880682,77889970,77901954,77924293,77955757,77956751,77961794,77970327,77973860,77978486,77988961,78009492,78034539,78035910,78042223,78051849,78073424,78114630,78181196,78185586,78231737,78281636,78299495,78332613,78336863,78388691,78472660,78486551,78487260,78522175,78523991,78540809,78542184,78589355,78612162,78662375,78667955,78671605,78690783,78727747,78815652,78876075,78891677,78903690,78973915,79010364,79043043,79046565,79053217,79095517,79103654,79105397,79126790,79141373,79160739,79204786,79206368,79215526,79219808,79227542,79239256,79242219,79252221,79255282,79260278,79261154,79262748,79295626,79301783,79304606,79335992,79338569,79411020,79419680,79437072,79448515,79456720,79477452,79499055,79507878,79515035,79521327,79526957,79543502,79563101,79607564,79753369,79759004,79760601,79764168,79768583,79784021,79844441,79905699,79959822,80009583,80045737,80070447,80095204,80115339,80132725,80144247,80152023,80183381,80216751,80220657,80247412,80274175,80318218,80330751,80336754,80337897,80338617,80342784,80353866,80373820,80396448,80399718,80405628,80411229,80426484,80453133,80464990,80466480,80480203,80490703,80515062,80523802,80591372,80606514,80626194,80667290,80667489,80719334,80724830,80726917,80728341,80744122,80774094,80859968,80869548,80874463,80892160,80916420,80929160,80939668,80948005,80956996,80965059,80988214,80989712,81029633,81044329,81061646,81117988,81148742,81277806,81281623,81299403,81301479,81324463,81389257,81484154,81493240,81550795,81555643,81560028,81610755,81614885,81651581,81700584,81718678,81735035,81754955,81770680,81773055,81776123,81787375,81797880,81800463,81870286,81877761,82054580,82058383,82061228,82076507,82077984,82084624,82089055,82097966,82101497,82106032,82106722,82110732,82119250,82122837,82126659,82128977,82130185,82131387,82134032,82136623,82145359,82148629,82150973,82153516,82159283,82171177,82193886,82211410,82312808,82316864,82317718,82341704,82375885,82392538,82405795,82442366,82486483,82493443,82507226,82554872,82589291,82593732,82606604,82611719,82615219,82643728,82659680,82679303,82683552,82699350,82753923,82781742,82892631,82944981,82947170,82963265,82966528,83010748,83013210,83014025,83020705,83035738,83133826,83138812,83212485,83263096,83273781,83283542,83288173,83295451,83298296,83315429,83316767,83320521,83361908,83367583,83490055,83499847,83500441,83500972,83507342,83509632,83512189,83513133,83521262,83536857,83615056,83621029,83713074,83723920,83748599,83777492,83807039,83832464,83838095,83844584,83858134,83869101,83895510,83925075,83989803,83998048,84016584,84060077,84071130,84079416,84137453,84142767,84196307,84234652,84291545,84305165,84306533,84318667,84323005,84333842,84349983,84373592,84501764,84516790,84519870,84540506,84544043,84581796,84600214,84600803,84631683,84693421,84737210,84755973,84760653,84767758,84792190,84793733,84895290,84904202,84977652,85033335,85034105,85036568,85040241,85043030,85051413,85054760,85055629,85057441,85059986,85061814,85063778,85069510,85071757,85072824,85074922,85077067,85079797,85083915,85086511,85089307,85094471,85102037,85136440,85153890,85156065,85167045,85178309,85195020,85241405,85243485,85252383,85263794,85267549,85270514,85285818,85286922,85292367,85311659,85316542,85332512,85392358,85412055,85417831,85440344,85495439,85506207,85511592,85527923,85534200,85546047,85563318,85566183,85571385,85630279,85642863,85652146,85654732,85658427,85661646,85665950,85677713,85680483,85715046,85772426,85778526,85788198,85795566,85855847,85862347,85866617,85874637,85881713,85978473,85997728,86042409,86076032,86101099,86110014,86123001,86149327,86156194,86180933,86186416,86187128,86190642,86201907,86293831,86296128,86329507,86339744,86358171,86570622,86579048,86604931,86613792,86631364,86661972,86737606,86763459,86832820,86885722,86921317,87020401,87132448,87216635,87229896,87258465,87271554,87301852,87374162,87397934,87399426,87417901,87482534,87499826,87589181,87649201,87715072,87779645,87799336,87805468,87884843,87895675,87920882,87922333,87960772,87986706,87988626,87991109,87994458,88001242,88009432,88013394,88014918,88018470,88029671,88060192,88119760,88165144,88181783,88188645,88201004,88234656,88265339,88290057,88300487,88321713,88340570,88346725,88349522,88362389,88363334,88366683,88373809,88379513,88382514,88390959,88393992,88398516,88404795,88408972,88414838,88443018,88445935,88448746,88457866,88462537,88476078,88486853,88513884,88515653,88518588,88525937,88527549,88538081,88542488,88547910,88550486,88571046,88572982,88582788,88589320,88595571,88599019,88606417,88608461,88613482,88616752,88631259,88638210,88645311,88664400,88676182,88679516,88684017,88702249,88712008,88715481,88778892,88788118,88822194,88851114,88888290,88900343,88904233,88904931,88909015,88922681,88940400,88951897,88957872,88978592,89054731,89061750,89072661,89127452,89133313,89141574,89197982,89211099,89215993,89282740,89351112,89355272,89384664,89436350,89531371,89564696,89567363,89568213,89580986,89597219,89609234,89641951,89655429,89665057,89737100,89769939,89806365,89822487,89892247,89966866,89982770,89994142,89995007,90002251,90012496,90014643,90017946,90021092,90024467,90031855,90037244,90038845,90039592,90042860,90044347,90045455,90047209,90050420,90064374,90065067,90067441,90070911,90073294,90073916,90076402,90088089,90095517,90100163,90117305,90152429,90165732,90171795,90184629,90197177,90200109,90201244,90204673,90228624,90230709,90244097,90264322,90275133,90286021,90292295,90307600,90315209,90334681,90345274,90348157,90360391,90365992,90399667,90552054,90609469,90619347,90651712,90658235,90660034,90698673,90752112,90769129,90772533,90775678,90783122,90821157,90891774,90937667,90991677,91018789,91021129,91027683,91079461,91109579,91133211,91152252,91154461,91164883,91176785,91187472,91211036,91221712,91259180,91282902,91289250,91302698,91338379,91351004,91356744,91378143,91467890,91490554,91519527,91528034,91538342,91547625,91618327,91625133,91627085,91630231,91638488,91653229,91682188,91683772,91710055,91727661,91741915,91751064,91757102,91801405,91847572,91944671,91956419,91970806,92025111,92052879,92073310,92091625,92113044,92126103,92177295,92179463,92191387,92191891,92195555,92196582,92197390,92205205,92221489,92250615,92310543,92321250,92356565,92369788,92385656,92389317,92402286,92462643,92476233,92485863,92502633,92507806,92546219,92570728,92625144,92696162,92702400,92709225,92731702,92779578,92795438,92825622,93008805,93010427,93034806,93054844,93061914,93062616,93080219,93083407,93102269,93113352,93129141,93145159,93240568,93281523,93320092,93349975,93424947,93435418,93465709,93468106,93473503,93475760,93521079,93533065,93568340,93603897,93636408,93681926,93688048,93700204,93717906,93727878,93729909,93737734,93765960,93771378,93774476,93781015,93783778,93787285,93790549,93798112,93800302,93807216,93840502,93869535,93910932,93962511,93967229,94084118,94103857,94111452,94194216,94244329,94251868,94274840,94345490,94385767,94402413,94407551,94412309,94489095,94489946,94533089,94537074,94553392,94591816,94602606,94626543,94635145,94658264,94661030,94663290,94688954,94752548,94839113,94994937,95019826,95120895,95142977,95148347,95207513,95233524,95256150,95282998,95297927,95318663,95321428,95375516,95399500,95455305,95465335,95480629,95497858,95542576,95553720,95560899,95571418,95600209,95604359,95623785,95641546,95666408,95669213,95681527,95698360,95835292,95878600,95884626,95957257,95997536,96007502,96038650,96056668,96067586,96083869,96206959,96263146,96269929,96274970,96282627,96510862,96533917,96556480,96559949,96609916,96611755,96625013,96632135,96634222,96647138,96651587,96660337,96666496,96671016,96673587,96674665,96678844,96696004,96701906,96704289,96719825,96730297,96736395,96744125,96746709,96754703,96756946,96762753,96765602,96769586,96773832,96783069,96786206,96790579,96800886,96808935,96822450,96833674,96852098,96853873,96861549,96867195,96910930,96926596,96967053,96968469,96978676,96989906,97006923,97017383,97026095,97064632,97070098,97076119,97082525,97134928,97144763,97151435,97168780,97172525,97178926,97181387,97182998,97191541,97194665,97196620,97210570,97212698,97215654,97220966,97224215,97226872,97227927,97233006,97237655,97241862,97243141,97244691,97245671,97269385,97284703,97326756,97344544,97349244,97350464,97366121,97370368,97377562,97386318,97396573,97402575,97403132,97412394,97415395,97423400,97443498,97489108,97496826,97515293,97639721,97646780,97655271,97679211,97692096,97788134,97827655,97833583,97844552,97854677,97870745,97873958,97886573,97901874,97903885,97916803,97919032,97923244,97924982,97927161,97928870,97931817,97933366,97951486,97959561,97960101,97966093,97968924,98033595,98065846,98241514,98242806,98360326,98412453,98421083,98469936,98630709,98645413,98660077,98750104,98787280,98793569,98803456,98806235,98806945,98810568,98816141,98921534,98940376,98949422,98950911,98959457,98982156,98994542,99007164,99017884,99085405,99147509,99167027,99195099,99228438,99228955,99229495,99269866,99283668,99342542,99396908,99400699,99408597,99425525,99464969,99569641,99577128,99624808,99626405,99632111,99674792,99708179,99712085,99724514,99727927,99730607,99750133,99754379,99847486,99857887,99908343,99954511,99997154,100035187,100039539,100065778,100098549,100148949,100155926,100172625,100187107,100190754,100211868,100216128,100238288,100255049,100259649,100270482,100276122,100289233,100365633,100400534,100503173,100536912,100584822,100597730,100631182,100646409,100651897,100704236,100751097,100754205,100766536,100776279,100812869,100816035,100819862,100831459,100850128,100856483,100863281,100869282,100872003,100881785,100897039,100905439,100913273,100935480,100944194,100958353,101003888,101033533,101075158,101149327,101156188,101210915,101220340,101221907,101228028,101232715,101238427,101239250,101294609,101304009,101313989,101366746,101369702,101370982,101371870,101374051,101381525,101384556,101386113,101387290,101427723,101430594,101437345,101452145,101455701,101474292,101485108,101493248,101625556,101650116,101668424,101713665,101715750,101717032,101729298,101794689,101799891,101847867,101898910,101920307,101941940,102014790,102019002,102023520,102026657,102028129,102030294,102035423,102042189,102058421,102069550,102074229,102079251,102083585,102087155,102117933,102130799,102145415,102159321,102161132,102163934,102197329,102202735,102215403,102234641,102237456,102239189,102242571,102254576,102262399,102282689,102296673,102328684,102329634,102334345,102339921,102379419,102383093,102390946,102400107,102410518,102501708,102504786,102509067,102517717,102519906,102549541,102569920,102585841,102593725,102598267,102601819,102604911,102622691,102663503,102698021,102727130,102788273,102821985,102871509,102916907,102920880,102928966,102936538,102940174,102950316,103030367,103048881,103062793,103073224,103113303,103124860,103126035,103140114,103151891,103227311,103303571,103308846,103328880,103333011,103364680,103366126,103399409,103411201,103417358,103418644,103459277,103483495,103543275,103564824,103578307,103650073,103700285,103720887,103746502,103755784,103771480,103844856,103862988,103913048,103941039,103978422,104004488,104023962,104073696,104087520,104188312,104195199,104303907,104351220,104351659,104355636,104358026,104362611,104365129,104367131,104370637,104371647,104374022,104377933,104378611,104382483,104383399,104389570,104396311,104400072,104403328,104404111,104414594,104417408,104429307,104432454,104456317,104468046,104492119,104492704,104498277,104500923,104502462,104507080,104520935,104526467,104562453,104569409,104582610,104593181,104594995,104600737,104616868,104621404,104631503,104634261,104636763,104637895,104641557,104659711,104697463,104731118,104762152,104770463,104773254,104806376,104817783,104840735,104864390,104874838,104883449,104887813,104911738,104912463,104917323,104958631,104980563,105000441,105020734,105034353,105048233,105058489,105066977,105071944,105078596,105159297,105160413,105161446,105206259,105210898,105260888,105289004,105352250,105360091,105430968,105434589,105473407,105502019,105505499,105559335,105586012,105601733,105663844,105702674,105710936,105727450,105730828,105734654,105739773,105741805,105743705,105747592,105751309,105751822,105753999,105755269,105763379,105779069,105793979,105801716,105802157,105877904,105921317,105922250,105936480,106020500,106025674,106143021,106157893,106267106,106272043,106274015,106344386,106410385,106443872,106447528,106455483,106498473,106529601,106532472,106587397,106601866,106604353,106612763,106614997,106617545,106624590,106628134,106644549,106650580,106660601,106672800,106785267,106799296,106799977,106800272,107008493,107011620,107151143,107157097,107204273,107204757,107278832,107288564,107290827,107296793,107301434,107304421,107330148,107333905,107347806,107400828,107415981,107574507,107574906,107646497,107673838,107678584,107679724,107687583,107690293,107751747,107762282,107969020,107983830,108010466,108154439,108157424,108159796,108174879,108370969,108409050,108420664,108443289,108488389,108493325,108594846,108629937,108695849,108760203,108798555,108804144,108805619,108809195,108811228,108812011,108813964,108815187,108817732,108924773,109000053,109016902,109028556,109036313,109061299,109079952,109085463,109089917,109104617,109113971,109119372,109130690,109131223,109147944,109169365,109201589,109207571,109212369,109230948,109255176,109270053,109277657,109297269,109298809,109324371,109334137,109341359,109351201,109354397,109363599,109370443,109379163,109386805,109391792,109394504,109396430,109398091,109403622,109405814,109419498,109424842,109428387,109472500,109480435,109486164,109493103,109497810,109499699,109515612,109520346,109522087,109580260,109603025,109633498,109713643,109718638,109736935,109787755,109804611,109811802,109814828,109826310,109848024,109888818,109897978,109900598,109907387,109936025,109992421,109995648,110002425,110012664,110053111,110061175,110067629,110094618,110097208,110100720,110134061,110148366,110243139,110253370,110259384,110291341,110296956,110308808,110313236,110322871,110338200,110343363,110350635,110391134,110419970,110460572,110470022,110482742,110548497,110553841,110557212,110560275,110561236,110573055,110580762,110600092,110601936,110699530,110708753,110714533,110718164,110733000,110737469,110755616,110793016,110883587,110917409,110940175,110979019,110999534,111030508,111055357,111081144,111152334,111156959,111182581,111329692,111333238,111334045,111339794,111364374,111372626,111386742,111412917,111424422,111491055,111494470,111511397,111579540,111584797,111595293,111602176,111654600,111678517,111679573,111682433,111686024,111698261,111708352,111710694,111713949,111726910,111749153,111759922,111854265,111874121,111880867,111896115,111921615,111922639,111955206,111955882,111975396,111976478,111977450,111978414,111978762,111982669,111986845,111987264,111999416,112016099,112028167,112029217,112037960,112050674,112067522,112070167,112120446,112145368,112150960,112221464,112242716,112306091,112317957,112332588,112336545,112407656,112433515,112435563,112472938,112477762,112481702,112483683,112487896,112489939,112519638,112531342,112595528,112729520,112730751,112816022,112833054,112857948,112863902,112865933,112924220,113039881,113044393,113083370,113145998,113175347,113190428,113236744,113237054,113249679,113251866,113261233,113265357,113265766,113266258,113287856,113291998,113296987,113300592,113301692,113304149,113306198,113307636,113308771,113310240,113319497,113322169,113326431,113328570,113333779,113343645,113345547,113359128,113375330,113396987,113417367,113419964,113433561,113444478,113447190,113518203,113519867,113525912,113530100,113557569,113563555,113564862,113565671,113571602,113576204,113578466,113587371,113590052,113594336,113600160,113614962,113618484,113634430,113654098,113686595,113688131,113692068,113697473,113717638,113720272,113750612,113754916,113756856,113758471,113763569,113790117,113798241,113799416,113815701,113823034,113835732,113836543,113842125,113846267,113874553,113951456,113952404,113955867,113956402,113958071,113966915,113977194,113981187,113985962,113988381,114009661,114012546,114014221,114021976,114028519,114030426,114037570,114043191,114048837,114069498,114075906,114076597,114103367,114115291,114132175,114133255,114147657,114153258,114161321,114170322,114174744,114181873,114186888,114191072,114195844,114197086,114203671,114205550,114209774,114223807,114234018,114269475,114342730,114390164,114420221,114423533,114424899,114427364,114430667,114447550,114451003,114514151,114517413,114522108,114523315,114547520,114556743,114559951,114585502,114593403,114596404,114652788,114655448,114662989,114679210,114734003,114798710,114799907,114804515,114805376,114810629,114812813,114816248,114820955,114832303,114833271,114837624,114842763,114852706,114854324,114906680,114910143,114911222,114915123,114952802,114970437,115055761,115102841,115104614,115108357,115135444,115170530,115172703,115176144,115184315,115186687,115188769,115191625,115201003,115216608,115220237,115222970,115252606,115253273,115254867,115258340,115261196,115263964,115266523,115270006,115281677,115321649,115328910,115329470,115362343,115366049,115369304,115373574,115378167,115391162,115400429,115402780,115427774,115430668,115437900,115446218,115455188,115482741,115520928,115523360,115526183,115532025,115539077,115543918,115561553,115643545,115652226,115687350,115691035,115697939,115703245,115707294,115711206,115711829,115712488,115714037,115717546,115719777,115723043,115723749,115731922,115734594,115736702,115739911,115741917,115745149,115758035,115760843,115770625,115775450,115777712,115782057,115795887,115799005,115803724,115808077,115811577,115821067,115824870,115825246,115825858,115826915,115834947,115845514,115849078,115867470,115879048,115887427,115894050,115905548,115916729,115918287,115922388,115937999,115942003,115944969,115950582,115960230,115964659,115966858,115967108,115968608,115969986,115970334,115975006,115984776,115988944,115990562,116010234,116025800,116031096,116037935,116040071,116044789,116046936,116047994,116053552,116057863,116064426,116077593,116082500,116106790,116113697,116151368,116164456,116206599,116221673,116223984,116231151,116248887,116259670,116276484,116284911,116294701,116299298,116300228,116307221,116310135,116311732,116337663,116344418,116355442,116369449,116371419,116381719,116389489,116409993,116411520,116423386,116439382,116453055,116457441,116460684,116464769,116489765,116497593,116499189,116503598,116527972,116543059,116546056,116557038,116561971,116567384,116593154,116620374,116631504,116662544,116677031,116711726,116712708,116723886,116728007,116733624,116737939,116739723,116748534,116770432,116777920,116784183,116790452,116791682,116792666,116794824,116795195,116799005,116802479,116804691,116806105,116806797,116817287,116819970,116822842,116824421,116829746,116830985,116836538,116836721,116840013,116840685,116841296,116842756,116844066,116848613,116853986,116856386,116865583,116868635,116876284,116877695,116879044,116891511,116901839,116914226,116919505,116924279,116940228,116948643,116957238,116960893,116963561,116967457,116971425,116976651,116981367,116983703,117021855,117037250,117040588,117045931,117051632,117059360,117081561,117086043,117088251,117088936,117089761,117094552,117097303,117101876,117122640,117123452,117127357,117135133,117139594,117159332,117170282,117171642,117176671,117179433,117185064,117188944,117196240,117231597,117306686,117318698,117325539,117335236,117336710,117337588,117343261,117351482,117353926,117355293,117357249,117357876,117362097,117364128,117366091,117366671,117369524,117371753,117374444,117375469,117377160,117379189,117381605,117385558,117389503,117392348,117395173,117410835,117413535,117465063,117471735,117473559,117505984,117513864,117562815,117581991,117600107,117624391,117673010,117681003,117691510,117699803,117735713,117755285,117770830,117788077,117796169,117796584,117797883,117803200,117805632,117844908,117862602,117866055,117867250,117936438,117967128,118037388,118163219,118185587,118224604,118232295,118244875,118250979,118252097,118253435,118255092,118263669,118269993,118271715,118275407,118345910,118448981,118492555,118494794,118495793,118500836,118511818,118571046,118578223,118640170,118653813,118695821,118709751,118718941,118723605,118730251,118732797,118757310,118773972,118778955,118782308,118838380,118842438,118843009,118909948,118936934,119011243,119026568,119030398,119048710,119061179,119064863,119068373,119069926,119074791,119079619,119087220,119093819,119114543,119128669,119134214,119149132,119240115,119244040,119265018,119270132,119272529,119275447,119298930,119315619,119323585,119331976,119337757,119354355,119378125,119391649,119394515,119395597,119400817,119402314,119405923,119408110,119409990,119415425,119419505,119424521,119426345,119442314,119446268,119454548,119457742,119461276,119463347,119466690,119467681,119468657,119480660,119487497,119506259,119538154,119748101,119793176,119803240,119805474,119820135,119824172,119843173,119844768,119850361,119854536,119918510,119973217,120087777,120107703,120255292,120269209,120282670,120297524,120327915,120337364,120339865,120372770,120405821,120512228,120518172,120528420,120536746,120648857,120669969,120749570,120804858,120829196,120889292,120896711,120924582,120949671,120950352,120953944,120957027,120960545,120961927,121016796,121087549,121100207,121101001,121326740,121356030,121365301,121373960,121377258,121377993,121380067,121385422,121555526,121572596,121595952,121614795,121660541,121744070,121793250,121871197,121919474,121923364,121928900,121955387,121976436,121989502,122048565,122077904,122080843,122092675,122100692,122129032,122135526,122140666,122144770,122150610,122157434,122163009,122198731,122250701,122258086,122290239,122293420,122298371,122300325,122302846,122316318,122317740,122335264,122387600,122464031,122487242,122494330,122496114,122536443,122629989,122635710,122667395,122850022,122859907,122940602,122942168,122985446,123044874,123046892,123064016,123070703,123073141,123082611,123091671,123109457,123118969,123124181,123286811,123305136,123319191,123321382,123336210,123353296,123368109,123392177,123413803,123434621,123466344,123474983,123476520,123724481,123786674,123799095,123832084,123834375,123842390,123853401,123857922,123878168,123882239,123891181,123894453,123963759,123979357,124043883,124049715,124052566,124119037,124137634,124143681,124154419,124159693,124165164,124175678,124177050,124181270,124187728,124198305,124199953,124209219,124216119,124231724,124242758,124261357,124273479,124279570,124284485,124287437,124303960,124321572,124325676,124327906,124343422,124345140,124347392,124350067,124350928,124353876,124356031,124360548,124370920,124378248,124379459,124392015,124398141,124488975,124490781,124511039,124514320,124536486,124540789,124549842,124561961,124570654,124580656,124620247,124626199,124626824,124659957,124671964,124711213,124713573,124716796,124748272,124750382,124753220,124764008,124781012,124795646,124797441,124801545,124812243,124849531,124955751,124956971,124987395,124993067,125004924,125015991,125047534,125048403,125053090,125053868,125068613,125189403,125211998,125255689,125281520,125287059,125294563,125307967,125310703,125314020,125338360,125375478,125386815,125399083,125401310,125406387,125415517,125418498,125438752,125451551,125473258,125476562,125478020,125481780,125484840,125556921,125628942,125710727,125830773,125857344,125874880,125924484,125928217,125984522,125988092,125992616,125994596,126000734,126019943,126021808,126031556,126045772,126063607,126210405,126296782,126305610,126309818,126318333,126351372,126382685,126402800,126403358,126406965,126414326,126420453,126424779,126428906,126436593,126445395,126457564,126460500,126463389,126467582,126488936,126493300,126520321,126539764,126555801,126561457,126569445,126576135,126614923,126617965,126623754,126642811,126667191,126671202,126677425,126682182,126708197,126718566,126758452,126766200,126804909,126817039,126824351,126839218,126843084,126848412,126856330,126861563,126864787,126865915,126878136,126887691,126912574,126945764,126984098,126996277,126998068,127008510,127022471,127035800,127040195,127044956,127056795,127073758,127176551,127203765,127211206,127218708,127248982,127273512,127298312,127307529,127401230,127423910,127434204,127454958,127457443,127458893,127459544,127468032,127468465,127473481,127477783,127478522,127482513,127486561,127525446,127531454,127533634,127556265,127557047,127570499,127579682,127600523,127655553,127763184,127767702,127787286,127818519,127833161,127872706,127880443,127916846,127938262,127974281,128024686,128041954,128046144,128055111,128076852,128087709,128105398,128126925,128145484,128157118,128159763,128170852,128174384,128236341,128236757,128243128,128246561,128257633,128288602,128337943,128365889,128390602,128484461,128490684,128505540,128543433,128564049,128577783,128584598,128608272,128619892,128627962,128630159,128634642,128639541,128645482,128652135,128722444,128739748,128740789,128741324,128747356,128752144,128772082,128790141,128790877,128797091,128810188,128869793,128898074,128899652,128921642,128937320,128949510,129007578,129021901,129096776,129110026,129127733,129138626,129176222,129177407,129184512,129265565,129277840,129282110,129296132,129326036,129342127,129346400,129376090,129387900,129469030,129535634,129541457,129548939,129557529,129588508,129629455,129638732,129655856,129662534,129667326,129679777,129692908,129705897,129712121,129732627,129755519,129764471,129772999,129787783,129846690,129876709,129887967,129957599,130001647,130062679,130177738,130180308,130189932,130197507,130222273,130224415,130228895,130231723,130233965,130241289,130255664,130256107,130267349,130274109,130275560,130285214,130312371,130347657,130361948,130526720,130563900,130569203,130577418,130591733,130596872,130653444,130667865,130689259,130704224,130714076,130718796,130754846,130756915,130765061,130789899,130790821,130791377,130792993,130793674,130813106,130839758,130860299,130869771,130919361,130964412,130975796,130984170,131015478,131026072,131153699,131156949,131158724,131159840,131163481,131248473,131282763,131302587,131309816,131326860,131415800,131423572,131528597,131543833,131561339,131578946,131599048,131653535,131661141,131664900,131679865,131683473,131699938,131710107,131775311,131800668,131837245,131862320,131990596,132051233,132087982,132167691,132175480,132274475,132286740,132306887,132342066,132423989,132424502,132591969,132620339,132623186,132646190,132655721,132678689,132801040,132868436,132871538,132885696,132898255,132904734,132952389,133004092,133088551,133261456,133308057,133313823,133315299,133316717,133324010,133325350,133328351,133341647,133343068,133346364,133347064,133352658,133354295,133357613,133361054,133367866,133376121,133383070,133383877,133393186,133397802,133401992,133418513,133423082,133429539,133436020,133448160,133459033,133463072,133465406,133469947,133495289,133525305,133549979,133605935,133611403,133623781,133635307,133637860,133643263,133644533,133647682,133654039,133672113,133675464,133681569,133698702,133718375,133776273,133778178,133782577,133814340,133822930,133825594,133949363,133964022,133989581,134022300,134033204,134037167,134046459,134077273,134083668,134088953,134096216,134106207,134107658,134135245,134143332,134146645,134151233,134157196,134162686,134169424,134175085,134179979,134182057,134187170,134189250,134192164,134194589,134196077,134201348,134203338,134209598,134213519,134218684,134221509,134234626,134238542,134243524,134245388,134249156,134253203,134258415,134264344,134271175,134277388,134309873,134310865,134318099,134349528,134392019,134412482,134429569,134438271,134449813,134476823,134482388,134491743,134494922,134504273,134511170,134519306,134524649,134531477,134602624,134622245,134670478,134672420,134679889,134795699,134797665,134847471,134851306,134856260,134861633,134904277,134947593,134951173,134962358,134967746,134968175,135040813,135188497,135232465,135282965,135314025,135324165,135338119,135339744,135370320,135372671,135495369,135551322,135552569,135554270,135573472,135654723,135705663,135733126,135743754,135870558,135872812,135875751,135881422,135894712,135915193,135930048,135973963,135985463,136074342,136075027,136143741,136202772,136218320,136220728,136253945,136288894,136297120,136302746,136308199,136311227,136348868,136374399,136391859,136395119,136411493,136437023,136459574,136468111,136475513,136484627,136489350,136493331,136509375,136523393,136540168,136562035,136574323,136577732,136583232,136583685,136585431,136601324,136605757,136627459,136643954,136648447,136688561,136695561,136698116,136700328,136720512,136756888,136779401,136898070,136959501,136978407,136987322,136995670,137006451,137009112,137024113,137046974,137064562,137068100,137132802,137156234,137184719,137249082,137289138,137348855,137384351,137459304,137482146,137484739,137600131,137611177,137619914,137626004,137689033,137689801,137695889,137699418,137701122,137706669,137721140,137757457,137773418,137794066,137813545,137821538,137843384,137849375,137900422,137949016,137955415,137965872,137970910,138045387,138051396,138072372,138133380,138140395,138163676,138189002,138264108,138273923,138275055,138297418,138330059,138442272,138450982,138489103,138545338,138557442,138559196,138574105,138627167,138632253,138736713,138770068,138796939,138829840,138851462,138858495,138898746,138940601,138952864,138956658,138981703,138995310,138996014,139027213,139027915,139029061,139057503,139093557,139115458,139119488,139120732,139121985,139132375,139144716,139157869,139186289,139207255,139247076,139257443,139312396,139313007,139320642,139326835,139333581,139338822,139351402,139369663,139412609,139431830,139465296,139568149,139602983,139610506,139692977,139709879,139716338,139801328,139802425,139821044,139864331,139872557,139877866,139879842,139881034,139881500,139891419,139892158,139920905,139934408,139937809,139948036,140013615,140095368,140105633,140115331,140118047,140122309,140131906,140156663,140252989,140349751,140404829,140422967,140423307,140425465,140428945,140430397,140435378,140436732,140441639,140443167,140448582,140452154,140457095,140462788,140465327,140490484,140552749,140562796,140586602,140626904,140634597,140636683,140641196,140650977,140656965,140713955,140717049,140814016,140864239,140883886,140894450,140912023,140923308,140950015,140953239,140955627,140959196,140987842,140990854,140994079,140997156,141001129,141002361,141012473,141034227,141041828,141045453,141159679,141174135,141175676,141192651,141196354,141203374,141238308,141247928,141284744,141355238,141360785,141363807,141364784,141390930,141397757,141406262,141420549,141489778,141501628,141502879,141561405,141565534,141584849,141592840,141643668,141647737,141648414,141651165,141652681,141653848,141655593,141656133,141656854,141658916,141661634,141772289,141773807,141799240,141821567,141830798,141861466,141891189,142015057,142015405,142017561,142019066,142020037,142043531,142045022,142050727,142073688,142083491,142100973,142102847,142115777,142120676,142211582,142214387,142229842,142234857,142246014,142253141,142268169,142315293,142336044,142357873,142380103,142389016,142392037,142404750,142405104,142444850,142448590,142463721,142500374,142539571,142549364,142551425,142557291,142564020,142565737,142582254,142584957,142614584,142670903,142741154,142773728,142795708,142797772,142803420,142808686,142811582,142812646,142813925,142827424,142868065,142868692,142871569,142871927,142872630,142873592,142874960,142875665,142879515,142880623,142886616,142896864,142909764,142979174,143086858,143205461,143258143,143260796,143261737,143271252,143285313,143326559,143338983,143348345,143357360,143359328,143372194,143375169,143379619,143385950,143389390,143392472,143393815,143398668,143401766,143445595,143464681,143492797,143588522,143602478,143612804,143624029,143626622,143646432,143658470,143687452,143699909,143722552,143725460,143747970,143773720,143788716,143820219,143828255,143838995,143851815,143853006,143865116,143879731,143897211,143946867,143962081,143988765,143996808,144004823,144011851,144015440,144033988,144069470,144075969,144101017,144147888,144160125,144173456,144173870,144174700,144180626,144191199,144194919,144198093,144208529,144238391,144249131,144264801,144268724,144288230,144301157,144329125,144337113,144338748,144347996,144358800,144362184,144371972,144467402,144518565,144523251,144605985,144677664,144698856,144709074,144728957,144730126,144732081,144740590,144755242,144792153,144874445,144886011,144889855,144894291,144954669,145015251,145044934,145109526,145120497,145140377,145178737,145185671,145189483,145195024,145200006,145212273,145240123,145251425,145304600,145310335,145315144,145327741,145354512,145362569,145371653,145381175,145413505,145423148,145430933,145434323,145438204,145452223,145459971,145475270,145500964,145514867,145530730,145532353,145532571,145536072,145545700,145556207,145563003,145607755,145614550,145616973,145626546,145630126,145632684,145638009,145652879,145658057,145662211,145688741,145689666,145693586,145703336,145711941,145726896,145754548,145761604,145766584,145777881,145784835,145790123,145790993,145824236,145839732,145847407,145874045,145991591,146014242,146028322,146035871,146055685,146057366,146088790,146198625,146228065,146238951,146252891,146273008,146284407,146323987,146390873,146396541,146428885,146446975,146458150,146474203,146486615,146545208,146556699,146565061,146587780,146643981,146663045,146787796,146791177,146871633,146883670,146902695,146921305,146937967,146946005,146946980,146954398,146995388,147005413,147045048,147067247,147082104,147088778,147111655,147125976,147135149,147146135,147153875,147199769,147202526,147205194,147223437,147225191,147279717,147292155,147313987,147330835,147348761,147355833,147356385,147357097,147357453,147374534,147389709,147418458,147439727,147484416,147498068,147514285,147559439,147603409,147603957,147604735,147634895,147637396,147685708,147705809,147712427,147767348,147773054,147779013,147782152,147783860,147791393,147825091,147828959,147841856,147848928,147871598,147896325,147904362,147912469,147925519,147952136,147968139,147991683,148038114,148131239,148156375,148165002,148192428,148214217,148227264,148233972,148241401,148291323,148324095,148326719,148328746,148351322,148352565,148364752,148446539,148462732,148496036,148502874,148522340,148535351,148537244,148581843,148585225,148617799,148645522,148693791,148776846,148837714,149018964,149021211,149034938,149043182,149055363,149086685,149087711,149098904,149223788,149231599,149239395,149359514,149366610,149524861,149528709,149576437,149639636,149678107,149690739,149696125,149704767,149743765,149801255,149812195,149813684,149821608,149831288,149838224,149838737,149852657,149880936,149910924,149919247,150052813,150083893,150103689,150106452,150123316,150140662,150175805,150186762,150196710,150228683,150255971,150263133,150336194,150415529,150423190,150435130,150492432,150537755,150557140,150568302,150569972,150573158,150578039,150592769,150644013,150663832,150712911,150722714,150723202,150763374,150768815,150866817,150872829,150947031,150970925,151042863,151043251,151047131,151052032,151053974,151072324,151150478,151161585,151162245,151168522,151177405,151185395,151216923,151257699,151289498,151324545,151336290,151345694,151355248,151365448,151378490,151403285,151403983,151405613,151406611,151408488,151426617,151428610,151504226,151505386,151506998,151507859,151522757,151570762,151583842,151589472,151687756,151777705,151786055,151792741,151817377,151823831,151969344,151984428,151985570,151988733,151999650,152126298,152131829,152166027,152168601,152177266,152267702,152270651,152302903,152314484,152356568,152361778,152454961,152458616,152493077,152494380,152503182,152510190,152534040,152535305,152544980,152548836,152562615,152602624,152659989,152747044,152774699,152780719,152795595,152859821,152860559,152890385,152918251,152934089,152967311,153005619,153008622,153054519,153113167,153117926,153191089,153293960,153309507,153331278,153385147,153385751,153399298,153514327,153545976,153570469,153600689,153608199,153639184,153647451,153662602,153665338,153678803,153701763,153705432,153792879,153801570,153803175,153852517,153895710,153987215,154002539,154013922,154031657,154080547,154084334,154121615,154128363,154129669,154157593,154159894,154168111,154170746,154207931,154233290,154305220,154308207,154310020,154321455,154332986,154342204,154343850,154344769,154361480,154372243,154382289,154382584,154390248,154392868,154394218,154400737,154402942,154405127,154414910,154424017,154467495,154511027,154520185,154521405,154601397,154641843,154642606,154693297,154705980,154709651,154728672,154869799,154901380,154945293,154955123,154978284,154985781,155021643,155024721,155034391,155059342,155072022,155137134,155160970,155164598,155207344,155269867,155327947,155506533,155544054,155545866,155552372,155558670,155570011,155573785,155575414,155580592,155584887,155588647,155589980,155593296,155594401,155598325,155599554,155609886,155615606,155619439,155621163,155626968,155630438,155635848,155637962,155640413,155659676,155665475,155669853,155694519,155706017,155712377,155715620,155719050,155719772,155722965,155725027,155732055,155732803,155760719,155773618,155790653,155818773,155837248,155885054,155903098,155907562,155928352,155938191,155947343,155977307,155979758,155985140,155996741,156000044,156007173,156009812,156011448,156030302,156050477,156054684,156067421,156069232,156072106,156074999,156075885,156079214,156158493,156160776,156189269,156252789,156255124,156257439,156280640,156286345,156302692,156329335,156335967,156354908,156417627,156435955,156461988,156466841,156494462,156547159,156551809,156571029,156593618,156650395,156652756,156667884,156683585,156707582,156709398,156717418,156724921,156726742,156728067,156733591,156733845,156738778,156741025,156743353,156749271,156754227,156758911,156762266,156769943,156787590,156803700,156816201,156825089,156826972,156836035,156839737,156848791,156859561,156862095,156882475,156895298,156895876,156904171,156912297,156926741,156937545,156971465,156984368,156990424,156996127,157002197,157041186,157046268,157052321,157076878,157078236,157084958,157101524,157104867,157111174,157114661,157131817,157138114,157140950,157155734,157170363,157176238,157225692,157227809,157229851,157230993,157282306,157299412,157351751,157360945,157367434,157390051,157424130,157427064,157430806,157432812,157440765,157443908,157447151,157447597,157463861,157526887,157534923,157539153,157542233,157547738,157553143,157555340,157581452,157586501,157591656,157603955,157615895,157625209,157625888,157644013,157649857,157653247,157658477,157659239,157668548,157674027,157677577,157679079,157685256,157733988,157796685,157812841,157830634,157973655,157981672,157998142,158075396,158097197,158147863,158151426,158171012,158187651,158193927,158206548,158222312,158230086,158259158,158259678,158271753,158286350,158288071,158306199,158335298,158361381,158380201,158383245,158393134,158397471,158403016,158411533,158418288,158427525,158437634,158443959,158487737,158522873,158555404,158623354,158627383,158631801,158653458,158699571,158704190,158739940,158748266,158751024,158792649,158800829,158810761,158818850,158819365,158827289,158834084,158839799,158863252,158905335,158907961,158931169,158932389,158982411,158998618,159008350,159052919,159084259,159094872,159096859,159105019,159107422,159120258,159135258,159153622,159174442,159222171,159224452,159283673,159347584,159364661,159389739,159411640,159445870,159458966,159472001,159485532,159486529,159526066,159544123,159600088,159606008,159643858,159647804,159662235,159684434,159685969,159692164,159695183,159698332,159699412,159815492,159860848,159866815,159867780,159877734,159880480,159885997,159890030,159893307,159895009,159895507,159897177,159899639,159919795,159939126,159940345,159945006,160006332,160068900,160114592,160135198,160141448,160177385,160189051,160199954,160206143,160245647,160277391,160285015,160301350,160320978,160382647,160520724,160536405,160573923,160635848,160669682,160683754,160760092,160764632,160795950,160843058,160959972,160967377,160970106,161005906,161025010,161088780,161116233,161192638,161236360,161239191,161303650,161344203,161372398,161461550,161576468,161771635,161778580,161784422,161823963,161845046,161947471,161987618,161996482,162006203,162007882,162012793,162111095,162113360,162120156,162124045,162126125,162130590,162137520,162141956,162146197,162147858,162153848,162188307,162188899,162208392,162235033,162249781,162280741,162300557,162317036,162328457,162355888,162367289,162370727,162375698,162381583,162397616,162403551,162431714,162444220,162445009,162456817,162462717,162472881,162475627,162491153,162508856,162509681,162510373,162554732,162564457,162598500,162645039,162646986,162682218,162730931,162755325,162770767,162838299,162876277,162884261,162897900,162996395,163016363,163057147,163077160,163222498,163273633,163288045,163297989,163327223,163334357,163336010,163347133,163349209,163376796,163389138,163440962,163505119,163638297,163651600,163657933,163678411,163694558,163707130,163715626,163748092,163753422,163774380,163781507,163863496,163922078,163976149,163981068,163984156,163988097,163989144,163991729,163996500,163999584,164003909,164006339,164007638,164016409,164026806,164028809,164029662,164031651,164033809,164034260,164038488,164040618,164041909,164045326,164047928,164051080,164062442,164065193,164076482,164078510,164085441,164085980,164092367,164097447,164114245,164117690,164119305,164136692,164158576,164163674,164218803,164269234,164283404,164286540,164290844,164301979,164352230,164366808,164383550,164394127,164396765,164401904,164406680,164409016,164442553,164444160,164449385,164470180,164484149,164493844,164523569,164528581,164549505,164560044,164570638,164586519,164588052,164605322,164616184,164627423,164642339,164646908,164666090,164699950,164714323,164716307,164734668,164741482,164749969,164763100,164773468,164877684,164887034,164917613,164925200,164925875,164970545,164981503,164988853,164990721,164993843,164996528,164999939,165017836,165049450,165155671,165162708,165177072,165181963,165195220,165205007,165214902,165223726,165236416,165241226,165266570,165270487,165279040,165280886,165286728,165289638,165290047,165293173,165294618,165300866,165302897,165306482,165307975,165308937,165335377,165354746,165371117,165387761,165406891,165450307,165462170,165478456,165488369,165492157,165561034,165568638,165571987,165578669,165581296,165581691,165613937,165623477,165654671,165658821,165667681,165696551,165727671,165736900,165740122,165746449,165751904,165754312,165784048,165816777,165825129,165829975,165839183,165852303,165865771,165871620,165875789,165884215,165890500,165949637,166020323,166025373,166027921,166028535,166041788,166048936,166063870,166076527,166078555,166089799,166110292,166115141,166161915,166162675,166174586,166177658,166245538,166250367,166273077,166310593,166314177,166327239,166333576,166376545,166389340,166405528,166426296,166433459,166435794,166486651,166497008,166515885,166521325,166532090,166533161,166536232,166583185,166585523,166607060,166612220,166620375,166622828,166623806,166648514,166655228,166670727,166682449,166684467,166689751,166708756,166713605,166717447,166718361,166721579,166735115,166749268,166781834,166792570,166798301,166802941,166827154,166869809,166876705,166962756,166975778,167009528,167019199,167036414,167046088,167050470,167051129,167063599,167069683,167076971,167088799,167105160,167107045,167113426,167138187,167139631,167140139,167140437,167142038,167149419,167151379,167154449,167158431,167223688,167233053,167272588,167279467,167283713,167312809,167340779,167346941,167364196,167366346,167368903,167378878,167380902,167384294,167408843,167413781,167419864,167424143,167524145,167525293,167526381,167539370,167556760,167576054,167581437,167588083,167684296,167697132,167735375,167741375,167743002,167754232,167772231,167790893,167794727,167805321,167820659,167821409,167837609,167858383,167897684,167911677,167927841,167928818,167929534,167931595,167938289,167943216,167945786,167980480,167985419,168014845,168068475,168076728,168077526,168090596,168123280,168156781,168157989,168197983,168213718,168214433,168226541,168240435,168244951,168266121,168268084,168434153,168437645,168499098,168538958,168588128,168636686,168705695,168784013,168789451,168911030,168946962,168956111,168960129,168966233,168978780,168985134,169059260,169070096,169076536,169081795,169097981,169123418,169224985,169254030
